1	242.293
1	241.994
1	244.195
1	243.639
1	243.892
1	243.623
1	243.888
1	243.993
1	243.717
1	243.943
1	243.645
1	242.064
1	244.307
1	243.579
1	243.711
1	243.668
1	243.799
1	244.239
1	243.588
1	243.881
1	243.634
1	243.889
1	242.686
1	243.605
1	243.79
1	243.653
1	242.605
1	242.798
1	243.577
1	243.818
2	163.959
2	164.117
2	165.469
2	165.656
2	165.449
2	165.632
2	165.054
2	165.396
2	165.513
2	165.396
2	165.484
2	163.968
2	165.226
2	165.279
2	163.891
2	165.486
2	165.357
2	165.738
2	165.668
2	165.402
2	165.34
2	165.561
2	165.374
2	164.092
2	165.7
2	163.943
2	165.384
2	165.372
2	164.012
2	164.076
3	111.388
3	111.313
3	111.303
3	110.005
3	109.865
3	110.944
3	110.111
3	109.986
3	109.884
3	110.889
3	111.235
3	111.391
3	110.572
3	111.111
3	111.021
3	109.929
3	111.47
3	111.28
3	111.225
3	111.241
3	111.221
3	110.041
3	111.03
3	111.161
3	111.293
3	110.036
3	110.914
3	109.991
3	111.273
3	110.947
4	82.706
4	81.913
4	83.124
4	83.248
4	83.263
4	83.215
4	82.573
4	82.662
4	82.747
4	82.704
4	82.047
4	82.239
4	83.298
4	82.743
4	82.543
4	82.361
4	83.318
4	82.88
4	83.272
4	83.53
4	82.778
4	82.871
4	82.762
4	83.043
4	82.786
4	83.363
4	82.946
4	83.431
4	82.504
4	82.804
5	65.693
5	65.774
5	65.661
5	65.723
5	65.871
5	65.671
5	65.1
5	65.673
5	65.148
5	65.778
5	64.93
5	65.771
5	65.743
5	65.712
5	65.934
5	65.769
5	65.75
5	65.814
5	65.742
5	65.747
5	65.629
5	65.197
5	65.701
5	65.755
5	65.76
5	64.978
5	65.711
5	65.066
5	65.181
5	65.743
6	54.215
6	54.213
6	54.089
6	54.275
6	55.069
6	54.248
6	53.617
6	54.311
6	54.162
6	54.317
6	53.331
6	54.272
6	54.249
6	53.746
6	55.144
6	53.567
6	55.325
6	54.361
6	54.359
6	54.245
6	54.277
6	54.223
6	53.567
6	54.152
6	54.24
6	54.371
6	53.521
6	54.38
6	54.057
6	55.226
7	46.572
7	46.482
7	46.462
7	46.877
7	46.845
7	46.319
7	46.545
7	46.892
7	46.674
7	46.468
7	46.777
7	46.742
7	46.653
7	46.73
7	46.35
7	46.335
7	46.552
7	46.635
7	46.619
7	46.81
7	46.49
7	46.669
7	46.895
7	46.858
7	46.439
7	46.828
7	48.595
7	46.406
7	46.353
7	46.588
8	40.54
8	39.361
8	40.277
8	40.388
8	40.119
8	40.17
8	40.105
8	40.329
8	40.248
8	40.277
8	39.972
8	40.326
8	40.685
8	39.268
8	40.023
8	40.439
8	40.343
8	40.683
8	40.007
8	40.381
8	40.043
8	40.294
8	40.371
8	40.245
8	40.223
8	39.075
8	40.008
8	40.619
8	43.956
8	40.283
9	37.391
9	34.879
9	38.059
9	37.777
9	34.927
9	37.46
9	37.169
9	37.779
9	37.571
9	37.584
9	37.488
9	37.598
9	34.97
9	37.486
9	37.422
9	37.675
9	37.519
9	37.569
9	37.623
9	37.573
9	38.121
9	38.073
9	38.019
9	37.425
9	37.462
9	37.975
9	37.592
9	38.235
9	36.93
9	37.526
10	34.41
10	34.461
10	34.54
10	33.244
10	30.903
10	33.45
10	33.361
10	34.154
10	34.17
10	30.222
10	34.409
10	30.082
10	34.466
10	36.107
10	34.383
10	33.483
10	34.495
10	34.402
10	34.386
10	33.918
10	30.051
10	34.098
10	33.723
10	33.632
10	34.143
10	43.844
10	34.403
10	33.453
10	34.527
10	34.473
11	31.605
11	31.07
11	31.244
11	31.017
11	31.345
11	28.224
11	30.525
11	31.223
11	31.403
11	30.892
11	30.965
11	31.066
11	30.442
11	30.788
11	31.014
11	31.317
11	31.273
11	31.295
11	39.946
11	31.208
11	31.394
11	31.315
11	31.313
11	34.799
11	31.245
11	27.09
11	31.623
11	31.055
11	31.59
11	30.169
12	28.149
12	27.652
12	31.707
12	28.071
12	26.899
12	29.213
12	28.405
12	45.589
12	28.552
12	28.465
12	28.605
12	28.672
12	45.177
12	27.384
12	27.487
12	27.911
12	24.601
12	45.586
12	28.637
12	28.273
12	28.488
12	27.062
12	33.056
12	28.606
12	28.631
12	28.25
12	28.595
12	32.916
12	24.163
12	28.286
13	26.547
13	29.929
13	25.589
13	25.911
13	26.554
13	25.28
13	54.842
13	24.978
13	26.673
13	26.804
13	26.371
13	54.472
13	79.14
13	66.734
13	25.313
13	31.203
13	26.077
13	26.251
13	54.348
13	26.737
13	31.053
13	24.796
13	26.366
13	66.705
13	26.222
13	30.61
13	24.743
13	25.978
13	25.343
13	24.979
14	80.806
14	27.047
14	23.399
14	24.448
14	27.916
14	24.035
14	24.116
14	23.157
14	22.904
14	27.385
14	23.44
14	27.669
14	27.294
14	23.342
14	77.117
14	76.281
14	27.827
14	24.739
14	23.431
14	27.662
14	22.817
14	27.784
14	23.332
14	25.187
14	28.851
14	23.805
14	27.313
14	23.233
14	23.449
14	28.044
15	25.864
15	78.29
15	73.809
15	73.768
15	73.741
15	73.717
15	23.597
15	21.349
15	25.957
15	21.473
15	23.57
15	73.622
15	73.551
15	27.513
15	21.232
15	73.757
15	75.516
15	73.749
15	27.588
15	21.346
15	73.598
15	78.462
15	73.916
15	73.829
15	23.86
15	21.444
15	73.972
15	78.382
15	73.737
15	73.863
16	24.406
16	26.375
16	20.489
16	76.777
16	76.407
16	49.454
16	22.14
16	71.687
16	71.639
16	71.731
16	71.615
16	24.28
16	19.985
16	71.536
16	71.551
16	31.317
16	46.188
16	39.76
16	71.558
16	76.261
16	25.773
16	76.412
16	71.597
16	76.479
16	26.68
16	71.609
16	73.407
16	71.656
16	84.889
16	42.534
17	70.173
17	72.732
17	72.484
17	72.561
17	72.173
17	66.825
17	19.323
17	74.444
17	72.536
17	69.652
17	73.018
17	96.481
17	47.736
17	22.018
17	72.179
17	72.672
17	69.618
17	72.826
17	74.391
17	27.617
17	18.18
17	74.35
17	70.453
17	69.776
17	69.869
17	72.826
17	72.406
17	27.753
17	18.409
17	74.42
18	17.584
18	70.923
18	70.66
18	72.807
18	24.518
18	42.142
18	68.259
18	38.145
18	20.075
18	70.993
18	70.391
18	35.149
18	68.162
18	38.8
18	19.842
18	72.871
18	70.202
18	70.349
18	29.044
18	68.137
18	70.364
18	51.576
18	68.379
18	94.648
18	70.9
18	70.062
18	71.209
18	68.342
18	70.491
18	68.041
19	18.687
19	67.971
19	71.291
19	66.461
19	53.511
19	22.396
19	72.474
19	67.635
19	63.685
19	66.919
19	92.239
19	45.062
19	18.042
19	66.736
19	60.202
19	19.73
19	20.761
19	46.251
19	22.091
19	71.339
19	76.207
19	71.348
19	88.64
19	20.194
19	69.194
19	79.425
19	52.621
19	66.858
19	79.574
19	79.506
20	29.011
20	68.204
20	44.061
20	19.112
20	71.015
20	69.798
20	31.422
20	65.278
20	69.73
20	57.845
20	30.007
20	77.35
20	77.803
20	68.166
20	48.771
20	17.785
20	66.202
20	65.378
20	70.046
20	77.567
20	68.746
20	68.12
20	78.758
20	70.049
20	31.261
20	18.942
20	69.814
20	83.722
20	69.769
20	65.377
21	76.45
21	77.253
21	50.82
21	74.248
21	77.298
21	79.206
21	48.865
21	18.953
21	77.108
21	78.839
21	77.295
21	68.501
21	76.593
21	37.118
21	38.604
21	44.614
21	77.507
21	27.519
21	77.397
21	65.673
21	77.3
21	47.473
21	17.778
21	64.282
21	75.011
21	76.837
21	68.631
21	66.889
21	76.406
21	77.079
22	80.599
22	68.987
22	15.893
22	63.548
22	75.855
22	80.689
22	70.901
22	75.983
22	80.138
22	76.758
22	76.561
22	75.056
22	67.497
22	69.358
22	67.683
22	64.57
22	66.596
22	82.704
22	63.039
22	65.4
22	67.731
22	76.641
22	68.938
22	75.633
22	75.823
22	49.074
22	63.243
22	68.073
22	68.911
22	69.204
23	86.46
23	67.635
23	77.663
23	76.083
23	71.164
23	75.212
23	69.87
23	88.297
23	65.902
23	69.231
23	74.926
23	75.821
23	80.12
23	83.176
23	72.543
23	96.68
23	87.457
23	68.244
23	70.962
23	75.637
23	67.495
23	63.249
23	71.495
23	79.346
23	67.313
23	69.492
23	88.262
23	45.022
23	78.289
23	84.313
24	79.258
24	74.684
24	75.236
24	71.79
24	86.283
24	86.979
24	88.186
24	74.377
24	61.126
24	66.695
24	67.473
24	98.317
24	68.617
24	77.343
24	85.545
24	83.985
24	61.201
24	80.848
24	67.171
24	91.563
24	72.35
24	85.305
24	74.448
24	69.018
24	67.066
24	67.96
24	86.478
24	92.558
24	46.005
24	61.116
25	76.93
25	85.483
25	86.473
25	90.571
25	96.437
25	62.596
25	97.141
25	74.015
25	93.774
25	96.862
25	89.854
25	91.156
25	83.662
25	84.244
25	63.31
25	77.105
25	70.049
25	83.615
25	95.007
25	68.657
25	83.15
25	83.499
25	71.585
25	79.876
25	86.513
25	99.581
25	83.11
25	90.067
25	76.674
25	86.138
26	64.608
26	98.085
26	89.954
26	104.477
26	92.133
26	78.325
26	87.61
26	79.919
26	96.939
26	85.356
26	77.87
26	74.63
26	69.253
26	89.528
26	83.36
26	81.835
26	59.668
26	89.7
26	86.1
26	88.716
26	74.74
26	87.971
26	85.219
26	85.23
26	62.575
26	79.133
26	115.969
26	93.441
26	100.467
26	93.95
27	67.24
27	95.956
27	77.965
27	98.911
27	73.578
27	92.113
27	71.437
27	94.148
27	40.473
27	61.782
27	106.588
27	77.217
27	94.221
27	68.495
27	68.699
27	82.888
27	81.963
27	69.863
27	72.8
27	85.419
27	87.609
27	78.967
27	107.358
27	83.552
27	82.597
27	88.566
27	78.389
27	85.431
27	99.71
27	104.758
28	105.473
28	59.908
28	109.354
28	58.198
28	98.56
28	82.415
28	93.265
28	98.541
28	82.378
28	82.178
28	109.22
28	103.278
28	104.778
28	86.371
28	83.713
28	109.267
28	83.93
28	82.293
28	103.233
28	83.765
28	111.308
28	109.319
28	113.814
28	81.768
28	101.397
28	98.851
28	88.474
28	113.926
28	87.74
28	81.084
29	103.46
29	102.445
29	93.47
29	93.992
29	108.736
29	75.075
29	101.371
29	78.658
29	65.542
29	92.987
29	87.566
29	104.809
29	66.178
29	70.32
29	75.669
29	95.577
29	70.021
29	109.127
29	87.446
29	94.999
29	81.4
29	102.354
29	108.465
29	71.673
29	81.382
29	82.932
29	58.989
29	101.989
29	103.609
29	92.375
30	89.484
30	113.743
30	99.76
30	81.691
30	75.325
30	82.838
30	72.774
30	86.086
30	98.534
30	119.136
30	83.064
30	63.595
30	70.619
30	79.215
30	107.624
30	112.275
30	74.244
30	116.681
30	62.671
30	94.262
30	104.006
30	107.795
30	104.691
30	98.61
30	78.39
30	89.264
30	101.765
30	98.525
30	68.19
30	110.338
31	81.777
31	101.804
31	102.375
31	66.789
31	118.067
31	69.635
31	108.716
31	107.462
31	86.705
31	86.331
31	118.005
31	86.056
31	108.814
31	106.649
31	97.207
31	101.336
31	68.006
31	122.532
31	82.543
31	99.384
31	99.127
31	106.59
31	76.311
31	87.364
31	106.799
31	103.67
31	98.392
31	69.895
31	113.577
31	85.567
32	92.58
32	82.49
32	117.988
32	105.096
32	110.404
32	96.532
32	117.217
32	75.924
32	90.464
32	87.633
32	77.285
32	112.813
32	117.243
32	105.945
32	80.715
32	107.268
32	85.707
32	106.093
32	102.023
32	96.276
32	68.657
32	91.292
32	66.225
32	100.039
32	87.202
32	81.661
32	89.789
32	113.634
32	104.884
32	69.064
